0.0 0 0 210245
0.01 0 0 1605
0.02 0 0 2330
0.03 982 980 2282
0.04 1020 1015 2161
0.05 996 988 2048
0.06 992 984 2022
0.07 1059 1042 1899
0.08 994 958 1955
0.09 991 910 1909
0.1 1059 906 1916
0.11 1083 876 1833
0.12 977 738 1790
0.13 1004 680 1629
0.14 983 600 1631
0.15 1017 562 1553
0.16 989 492 1489
0.17 1004 466 1392
0.18 988 427 1378
0.19 985 374 1223
0.2 965 312 1237
0.21 994 323 1299
0.22 1022 348 1140
0.23 1017 279 1084
0.24 984 276 919
0.25 1001 234 929
0.26 971 219 871
0.27 1003 216 808
0.28 1034 194 747
0.29 1011 178 733
0.3 985 199 659
0.31 966 173 613
0.32 991 148 592
0.33 1018 139 562
0.34 1077 164 581
0.35 954 143 520
0.36 1023 117 501
0.37 1030 140 500
0.38 928 105 500
0.39 996 115 464
0.4 950 106 466
0.41 923 100 497
0.42 998 107 451
0.43 978 92 422
0.44 1005 81 429
0.45 1009 104 405
0.46 951 83 385
0.47 959 77 438
0.48 1072 90 386
0.49 1011 72 416
0.5 926 92 378
0.51 993 76 346
0.52 930 68 379
0.53 1057 82 385
0.54 969 63 370
0.55 1010 82 361
0.56 1013 68 330
0.57 924 60 412
0.58 990 67 357
0.59 1005 56 331
0.6 952 55 296
0.61 977 39 310
0.62 982 67 324
0.63 988 62 342
0.64 965 61 308
0.65 974 51 340
0.66 1027 53 339
0.67 1027 61 327
0.68 1004 60 314
0.69 967 46 321
0.7 1006 60 321
0.71 979 50 308
0.72 1016 49 265
0.73 994 38 302
0.74 1009 44 267
0.75 1000 46 304
0.76 986 45 304
0.77 981 51 282
0.78 1055 43 256
0.79 931 34 267
0.8 1008 34 243
0.81 1027 31 263
0.82 1024 47 270
0.83 984 44 258
0.84 1029 39 258
0.85 1010 32 263
0.86 964 33 247
0.87 980 32 231
0.88 997 46 267
0.89 1030 38 232
0.9 1032 45 234
0.91 934 23 260
0.92 977 35 243
0.93 993 31 227
0.94 1008 33 229
0.95 986 33 225
0.96 1036 26 229
0.97 988 31 250
0.98 1029 45 253
0.99 1048 27 223
1.0 958 37 236
1.01 1001 30 231
1.02 987 27 230
1.03 1044 32 225
1.04 1013 37 232
1.05 1027 39 184
1.06 1045 30 225
1.07 1024 34 213
1.08 992 33 236
1.09 981 26 216
1.1 1048 27 215
1.11 955 30 215
1.12 978 33 217
1.13 967 34 197
1.14 1007 23 211
1.15 983 37 222
1.16 1013 31 204
1.17 1048 27 177
1.18 1007 22 183
1.19 991 22 185
1.2 962 24 183
1.21 989 28 186
1.22 1003 31 193
1.23 1055 20 187
1.24 945 23 204
1.25 993 28 182
1.26 1013 26 209
1.27 1041 28 190
1.28 990 16 185
1.29 1054 24 193
1.3 986 27 167
1.31 1022 20 157
1.32 988 26 187
1.33 1015 29 186
1.34 969 34 173
1.35 954 27 183
1.36 947 23 170
1.37 1005 25 164
1.38 1003 28 180
1.39 1007 23 159
1.4 1004 19 166
1.41 991 24 158
1.42 993 14 139
1.43 1029 25 168
1.44 963 22 146
1.45 973 25 163
1.46 1049 20 149
1.47 1036 20 159
1.48 1015 21 157
1.49 1010 19 146
1.5 987 18 153
1.51 1036 26 173
1.52 1030 20 131
1.53 985 18 143
1.54 939 12 167
1.55 1035 13 140
1.56 925 12 164
1.57 1019 23 140
1.58 1010 22 150
1.59 1045 19 133
1.6 971 22 153
1.61 962 24 146
1.62 978 21 156
1.63 999 17 148
1.64 1063 19 135
1.65 1032 25 145
1.66 1008 22 149
1.67 1005 18 137
1.68 1013 15 144
1.69 991 22 160
1.7 1055 24 132
1.71 970 22 127
1.72 993 23 155
1.73 994 20 132
1.74 997 15 136
1.75 1048 8 127
1.76 1015 9 124
1.77 1013 10 135
1.78 1012 23 134
1.79 972 13 126
1.8 1017 18 129
1.81 979 17 144
1.82 1029 24 123
1.83 1030 16 124
1.84 985 15 128
1.85 973 19 115
1.86 1005 8 116
1.87 1019 15 126
1.88 934 16 125
1.89 960 15 125
1.9 995 13 135
1.91 982 19 118
1.92 1000 17 121
1.93 965 13 114
1.94 978 17 125
1.95 1033 15 124
1.96 1029 19 122
1.97 1004 12 124
1.98 1040 16 119
1.99 1034 19 109
2.0 1000 18 108
2.01 1021 11 108
2.02 1045 17 112
2.03 969 25 83
2.04 980 15 99
2.05 980 15 62
2.06 949 9 95
2.07 1064 17 83
2.08 982 19 85
2.09 1042 13 97
2.1 999 19 95
2.11 962 10 73
2.12 1028 16 103
2.13 1046 9 79
2.14 1013 15 82
2.15 1044 10 80
2.16 1023 15 75
2.17 949 8 74
2.18 1004 13 84
2.19 1004 14 65
2.2 991 10 83
2.21 1032 9 75
2.22 937 18 84
2.23 1053 18 79
2.24 1013 12 81
2.25 1001 15 75
2.26 1021 11 63
2.27 1017 9 80
2.28 1010 11 60
2.29 1042 16 70
2.3 1022 12 71
2.31 1025 15 84
2.32 977 17 65
2.33 1001 11 63
2.34 929 13 66
2.35 1008 10 54
2.36 988 11 66
2.37 1010 11 84
2.38 970 11 52
2.39 1035 9 77
2.4 969 19 62
2.41 957 14 56
2.42 973 12 48
2.43 993 6 65
2.44 1050 10 53
2.45 996 8 75
2.46 1011 14 55
2.47 993 7 55
2.48 972 12 63
2.49 984 11 53
2.5 1032 4 69
2.51 1019 15 51
2.52 994 16 51
2.53 997 12 43
2.54 993 9 49
2.55 976 8 55
2.56 983 20 50
2.57 1001 6 40
2.58 999 15 58
2.59 1022 13 57
2.6 1022 13 43
2.61 994 10 52
2.62 949 10 49
2.63 1022 20 39
2.64 993 10 42
2.65 983 11 38
2.66 984 9 42
2.67 974 7 34
2.68 968 12 46
2.69 1017 16 39
2.7 973 10 47
2.71 1005 14 46
2.72 1011 12 40
2.73 1011 12 27
2.74 975 9 33
2.75 998 15 27
2.76 1038 13 19
2.77 977 7 21
2.78 1054 7 26
2.79 1037 17 19
2.8 987 11 22
2.81 1000 14 24
2.82 1091 14 21
2.83 1010 10 10
2.84 1004 6 17
2.85 990 14 10
2.86 990 7 11
2.87 1016 8 16
2.88 970 7 12
2.89 990 10 16
2.9 976 13 16
2.91 1030 15 10
2.92 1002 10 6
2.93 1022 5 12
2.94 1027 11 15
2.95 1024 13 10
2.96 962 10 9
2.97 965 10 18
2.98 1048 14 8
2.99 3975 39 27
