0.0 0 0 37108
0.01 0 0 668
0.02 0 0 1582
0.03 982 980 1678
0.04 1020 1015 1665
0.05 996 988 1691
0.06 992 984 1773
0.07 1059 1048 1699
0.08 994 976 1818
0.09 991 970 1813
0.1 1059 1034 1848
0.11 1083 1044 1791
0.12 977 946 1811
0.13 1004 975 1726
0.14 983 940 1826
0.15 1017 975 1800
0.16 989 931 1825
0.17 1004 942 1826
0.18 988 926 1771
0.19 985 884 1781
0.2 965 873 1829
0.21 994 890 1825
0.22 1022 913 1863
0.23 1017 868 1777
0.24 984 845 1724
0.25 1001 857 1620
0.26 971 796 1695
0.27 1003 812 1692
0.28 1034 852 1545
0.29 1011 781 1608
0.3 985 769 1574
0.31 966 728 1532
0.32 991 732 1448
0.33 1018 738 1540
0.34 1077 789 1469
0.35 954 673 1525
0.36 1023 720 1448
0.37 1030 724 1413
0.38 928 611 1443
0.39 996 713 1442
0.4 950 652 1365
0.41 923 617 1490
0.42 998 678 1388
0.43 978 607 1362
0.44 1005 617 1336
0.45 1009 620 1380
0.46 951 605 1367
0.47 959 607 1388
0.48 1072 640 1304
0.49 1011 596 1302
0.5 926 562 1342
0.51 993 603 1273
0.52 930 528 1323
0.53 1057 580 1286
0.54 969 532 1241
0.55 1010 571 1236
0.56 1013 542 1210
0.57 924 516 1288
0.58 990 538 1221
0.59 1005 511 1233
0.6 952 504 1240
0.61 977 496 1199
0.62 982 526 1194
0.63 988 495 1220
0.64 965 513 1214
0.65 974 502 1294
0.66 1027 494 1237
0.67 1027 528 1258
0.68 1004 510 1190
0.69 967 489 1147
0.7 1006 486 1213
0.71 979 501 1153
0.72 1016 477 1128
0.73 994 505 1186
0.74 1009 482 1170
0.75 1000 501 1131
0.76 986 454 1147
0.77 981 450 1187
0.78 1055 483 1088
0.79 931 414 1071
0.8 1008 461 1061
0.81 1027 452 1136
0.82 1024 480 1115
0.83 984 454 1095
0.84 1029 463 1092
0.85 1010 440 1069
0.86 964 439 1073
0.87 980 403 1062
0.88 997 463 1120
0.89 1030 462 1084
0.9 1032 452 1046
0.91 934 404 1085
0.92 977 452 1047
0.93 993 374 1039
0.94 1008 439 1065
0.95 986 410 1065
0.96 1036 410 1053
0.97 988 404 1065
0.98 1029 427 1103
0.99 1048 422 969
1.0 958 386 1019
1.01 1001 372 1059
1.02 987 369 1068
1.03 1044 444 1039
1.04 1013 390 983
1.05 1027 405 997
1.06 1045 426 1052
1.07 1024 408 1012
1.08 992 375 972
1.09 981 371 976
1.1 1048 384 971
1.11 955 359 1008
1.12 978 383 1029
1.13 967 391 984
1.14 1007 370 903
1.15 983 356 1010
1.16 1013 388 1006
1.17 1048 401 927
1.18 1007 364 934
1.19 991 361 921
1.2 962 376 901
1.21 989 350 936
1.22 1003 376 943
1.23 1055 396 885
1.24 945 313 922
1.25 993 345 931
1.26 1013 363 914
1.27 1041 358 906
1.28 990 330 892
1.29 1054 345 893
1.3 986 321 895
1.31 1022 342 885
1.32 988 330 868
1.33 1015 370 897
1.34 969 304 883
1.35 954 326 847
1.36 947 312 886
1.37 1005 315 847
1.38 1003 309 911
1.39 1007 337 867
1.4 1004 352 879
1.41 991 341 872
1.42 993 298 922
1.43 1029 356 873
1.44 963 307 888
1.45 973 318 916
1.46 1049 363 849
1.47 1036 322 894
1.48 1015 321 811
1.49 1010 306 866
1.5 987 318 840
1.51 1036 326 832
1.52 1030 324 802
1.53 985 293 802
1.54 939 283 810
1.55 1035 296 843
1.56 925 263 879
1.57 1019 339 861
1.58 1010 335 866
1.59 1045 329 821
1.6 971 313 829
1.61 962 302 847
1.62 978 318 803
1.63 999 296 813
1.64 1063 305 765
1.65 1032 317 823
1.66 1008 309 803
1.67 1005 309 790
1.68 1013 307 824
1.69 991 324 815
1.7 1055 305 777
1.71 970 250 796
1.72 993 303 763
1.73 994 286 796
1.74 997 306 812
1.75 1048 295 767
1.76 1015 263 778
1.77 1013 271 766
1.78 1012 280 801
1.79 972 274 754
1.8 1017 300 768
1.81 979 277 736
1.82 1029 282 740
1.83 1030 283 731
1.84 985 274 764
1.85 973 285 789
1.86 1005 302 676
1.87 1019 272 718
1.88 934 248 742
1.89 960 278 750
1.9 995 278 773
1.91 982 294 773
1.92 1000 296 734
1.93 965 260 755
1.94 978 263 719
1.95 1033 272 736
1.96 1029 287 766
1.97 1004 264 697
1.98 1040 247 705
1.99 1034 265 714
2.0 1000 256 685
2.01 1021 260 634
2.02 1045 280 632
2.03 969 258 576
2.04 980 247 547
2.05 980 240 534
2.06 949 226 621
2.07 1064 260 552
2.08 982 240 617
2.09 1042 294 579
2.1 999 259 573
2.11 962 239 544
2.12 1028 248 561
2.13 1046 234 558
2.14 1013 251 571
2.15 1044 270 538
2.16 1023 258 513
2.17 949 235 557
2.18 1004 254 532
2.19 1004 224 537
2.2 991 241 537
2.21 1032 242 520
2.22 937 232 552
2.23 1053 261 545
2.24 1013 258 531
2.25 1001 241 523
2.26 1021 245 533
2.27 1017 265 541
2.28 1010 257 516
2.29 1042 268 496
2.3 1022 234 464
2.31 1025 230 532
2.32 977 224 462
2.33 1001 210 463
2.34 929 218 488
2.35 1008 244 487
2.36 988 223 511
2.37 1010 228 500
2.38 970 234 500
2.39 1035 257 500
2.4 969 237 442
2.41 957 234 452
2.42 973 221 465
2.43 993 221 423
2.44 1050 225 467
2.45 996 242 438
2.46 1011 206 471
2.47 993 218 410
2.48 972 222 454
2.49 984 234 456
2.5 1032 228 461
2.51 1019 245 391
2.52 994 213 442
2.53 997 220 412
2.54 993 228 426
2.55 976 220 374
2.56 983 201 385
2.57 1001 205 353
2.58 999 228 412
2.59 1022 229 381
2.6 1022 199 361
2.61 994 198 346
2.62 949 218 369
2.63 1022 214 379
2.64 993 227 382
2.65 983 224 389
2.66 984 219 309
2.67 974 194 324
2.68 968 213 358
2.69 1017 225 328
2.7 973 195 369
2.71 1005 235 342
2.72 1011 228 332
2.73 1011 219 293
2.74 975 214 291
2.75 998 220 310
2.76 1038 233 247
2.77 977 186 316
2.78 1054 242 277
2.79 1037 228 249
2.8 987 195 231
2.81 1000 195 276
2.82 1091 222 262
2.83 1010 217 255
2.84 1004 217 230
2.85 990 215 215
2.86 990 198 225
2.87 1016 211 202
2.88 970 188 203
2.89 990 199 197
2.9 976 186 238
2.91 1030 224 189
2.92 1002 195 202
2.93 1022 191 232
2.94 1027 219 210
2.95 1024 219 193
2.96 962 194 189
2.97 965 178 209
2.98 1048 213 157
2.99 3975 747 566
